37
39
39
39
39
39
39
39
39
39
39
45
39
47
37
39
47
47
46
46
47
47
47
45
47
47
46
45
45
46
39
39
45
39
39
39
40
46
39
45
45
45
39
45
45
0
40
46
45
45
39
37
37
40
40
40
40
40
40
45
40
37
37
39
40
37
40
40
46
40
46
40
46
40
40
40
46
46
45
37
37
69
40
37
69
69
40
69
40
47
46
69
69
1
46
47
40
1
37
40
0
69
46
40
40
46
1
69
47
46
1
45
70
1
1
45
45
0
40
45
70
70
70
45
70
70
70
70
70
70
47
70
0
70
70
70
46
47
40
46
0
37
46
40
46
47
70
46
47
0
40
46
46
40
40
40
46
46
0
47
46
40
0
40
40
37
37
37
47
46
47
0
40
40
47
40
46
47
40
46
40
46
0
47
0
40
46
37
37
46
37
37
46
46
40
37
40
46
40
0
40
40
48
40
40
37
46
0
46
46
48
48
0
46
46
40
46
46
37
37
48
48
48
40
48
48
46
48
48
48
46
0
48
40
40
48
48
48
48
48
37
48
48
48
48
48
48
48
48
38
48
38
38
48
48
37
37
38
38
48
38
37
37
52
52
37
38
48
38
49
48
38
38
48
44
52
52
38
49
38
38
38
52
37
37
37
52
52
38
38
52
38
52
38
49
0
3
52
38
49
38
49
49
38
37
49
49
37
48
48
49
49
53
53
49
44
52
52
37
53
49
42
42
42
53
53
53
49
52
52
53
51
0
53
48
48
48
48
53
53
53
52
48
48
53
53
48
53
52
52
52
53
52
53
51
0
0
0
51
50
50
50
50
50
50
38
38
50
50
48
38
41
41
51
51
38
51
51
51
51
51
51
38
51
51
51
51
41
41
51
50
41
50
51
0
42
0
42
51
0
51
50
51
50
41
50
50
50
42
37
41
50
41
41
50
41
42
41
49
41
48
50
50
48
41
49
1
42
41
41
42
41
1
42
42
41
37
41
36
36
49
41
42
42
0
0
0
42
42
41
42
42
1
37
1
44
49
37
42
42
43
42
37
44
44
37
42
42
43
37
43
43
43
0
1
0
37
1
37
43
44
42
1
42
37
44
42
42
42
42
44
44
44
1
66
44
42
0
44
43
42
43
43
43
43
43
43
44
0
43
43
43
43
44
44
0
0
66
43
0
43
0
44
0
44
44
44
43
66
6
0
36
43
44
44
44
44
5
5
5
6
43
44
43
63
43
43
5
0
0
44
5
36
44
44
6
5
6
6
36
8
0
36
6
36
43
43
44
44
8
5
5
5
5
44
36
0
0
8
44
8
6
5
36
44
44
44
8
0
6
5
43
6
2
8
2
6
8
36
36
36
6
36
2
6
2
8
6
8
66
66
2
6
66
66
6
6
5
2
2
8
5
7
67
43
67
43
6
66
66
66
43
6
8
66
36
2
66
7
6
2
8
8
7
2
66
5
6
43
7
7
7
7
8
7
7
7
7
1
36
36
66
66
66
5
4
6
6
5
6
8
66
6
8
7
66
66
43
6
66
6
8
1
1
66
66
6
4
6
66
66
66
5
6
1
6
5
6
66
5
5
36
36
36
5
36
6
4
36
36
36
36
5
6
6
5
4
36
36
66
4
2
66
36
6
66
63
63
6
5
63
36
6
6
36
5
1
66
5
36
36
5
36
6
10
6
6
63
63
2
2
4
66
6
6
36
66
63
10
5
6
5
8
4
5
5
6
63
66
63
36
6
4
5
36
36
36
6
6
6
36
6
5
7
8
2
66
63
2
36
8
8
7
5
36
8
63
63
63
7
66
66
4
5
8
8
7
63
63
63
63
63
2
2
2
63
63
63
6
8
63
6
4
66
7
4
63
4
66
36
63
66
5
66
63
4
63
11
63
10
63
66
64
67
63
8
4
8
63
11
6
10
8
63
9
11
66
67
36
67
36
36
64
63
63
63
10
63
63
64
64
63
7
63
63
63
67
63
67
63
63
67
6
67
63
64
36
67
64
64
7
63
64
64
11
64
63
63
6
36
36
63
67
63
63
63
67
67
65
64
64
64
64
12
6
65
63
7
12
7
12
64
65
64
64
64
64
64
64
12
4
65
64
64
64
36
63
64
64
64
6
67
12
63
36
63
65
65
67
65
12
11
64
65
65
63
12
65
64
63
67
65
36
36
64
65
65
65
63
65
66
65
65
64
63
65
64
63
67
7
63
11
4
12
66
65
63
64
65
67
64
64
65
67
66
66
66
64
2
12
36
36
36
64
64
67
36
64
64
64
36
69
36
64
64
67
12
11
66
6
6
6
67
64
12
4
64
67
67
65
12
64
67
36
69
12
67
65
69
68
64
65
2
65
64
69
68
68
68
69
69
6
36
12
2
36
69
36
64
36
69
67
97
68
69
68
64
69
6
66
67
67
12
9
9
9
67
12
68
69
36
69
13
2
12
2
65
9
98
37
69
69
69
36
2
67
9
68
9
6
67
67
64
67
67
67
69
9
66
67
69
9
69
9
69
68
65
36
68
12
64
64
56
97
99
98
67
69
2
13
13
12
98
64
11
13
2
13
98
98
64
68
68
36
97
36
64
56
69
68
97
68
13
12
36
64
68
11
2
36
12
12
6
64
67
54
68
68
9
67
9
98
97
56
36
97
97
97
9
68
68
67
36
36
68
36
64
68
68
54
97
97
68
9
54
54
56
68
16
16
3
2
98
97
59
36
9
12
68
69
68
9
68
68
12
6
97
97
98
68
56
54
36
13
97
98
13
13
59
68
67
97
97
69
69
54
68
9
36
97
97
58
54
68
54
68
54
36
54
69
64
12
68
9
9
97
97
12
13
56
98
54
64
36
54
97
54
68
56
58
36
54
56
68
56
98
36
54
36
64
67
98
54
54
68
13
13
13
59
36
64
36
54
38
64
64
13
36
54
54
13
98
98
38
54
98
36
98
58
56
54
98
54
59
97
97
6
12
12
59
56
56
9
55
54
6
12
12
38
55
90
36
59
13
13
55
56
12
38
38
56
55
58
56
97
97
90
59
56
12
98
55
55
59
16
97
98
56
56
90
55
90
97
97
56
98
59
13
56
90
98
56
90
56
92
55
97
58
10
9
92
55
56
16
55
92
58
55
92
12
97
97
98
92
12
97
6
12
97
98
58
97
90
97
90
98
97
56
98
9
97
59
6
98
90
59
55
97
90
98
98
90
90
55
56
67
55
97
92
58
67
55
58
90
90
97
10
12
90
90
90
90
16
90
98
97
90
59
58
98
90
98
12
98
91
98
12
55
59
58
16
91
16
57
92
58
97
98
98
90
57
57
16
13
92
90
90
91
16
57
91
90
58
92
58
58
57
91
98
97
91
59
58
57
59
90
98
91
16
13
16
13
13
13
90
57
55
13
90
90
62
58
57
13
13
91
91
13
97
62
58
13
13
91
67
57
62
91
91
13
91
90
91
97
62
62
16
60
57
57
57
91
58
72
97
98
57
91
91
91
58
60
58
91
91
9
13
13
91
90
91
98
10
97
97
72
91
60
16
16
16
91
97
73
60
16
58
91
91
60
12
16
16
72
91
90
91
59
58
10
58
12
91
97
73
73
9
97
73
91
73
2
91
67
58
58
76
73
59
91
9
73
62
91
93
79
97
76
16
73
74
73
73
93
73
97
91
73
95
79
58
73
72
74
76
16
10
80
79
91
72
72
67
59
74
73
16
10
74
72
98
67
74
72
97
97
97
74
92
93
79
58
74
79
74
72
79
76
80
74
97
98
93
79
95
95
93
9
10
80
16
74
79
9
72
12
79
74
95
76
10
76
76
95
16
74
16
67
74
79
67
79
16
93
76
67
93
75
92
82
75
92
76
75
72
97
76
95
93
92
75
74
76
75
80
75
75
77
75
3
93
82
74
75
77
77
80
16
77
95
97
72
79
75
93
75
75
58
75
75
75
93
75
78
96
96
77
80
72
79
75
95
93
78
93
75
80
77
93
80
58
93
75
93
92
72
79
95
76
76
80
80
10
79
76
80
72
82
93
80
94
93
80
76
59
77
82
76
93
78
76
58
80
76
92
76
93
81
9
94
78
78
82
82
93
98
77
16
12
77
77
96
77
78
77
2
2
78
96
95
77
94
95
96
80
82
96
93
78
77
95
93
95
98
78
84
93
95
96
96
84
95
94
9
81
94
84
16
84
80
58
82
82
10
84
81
83
78
84
93
96
82
77
16
59
2
60
94
95
93
94
94
93
95
82
96
96
2
4
95
95
94
96
96
85
78
95
94
93
84
84
95
94
16
12
93
83
10
9
95
95
95
96
94
94
83
78
81
83
60
58
59
78
30
83
81
84
78
9
85
83
16
59
59
93
78
93
97
85
94
96
60
60
82
85
85
85
95
4
16
85
85
62
60
94
85
96
94
85
83
83
94
96
85
94
59
81
95
58
9
82
96
60
94
96
62
85
85
82
82
96
94
10
85
84
95
59
85
82
94
9
10
82
94
82
81
96
81
60
82
59
59
95
96
84
16
10
10
96
16
84
59
4
17
96
96
96
94
99
97
96
94
95
10
2
59
60
96
84
95
59
10
96
23
94
22
3
84
84
96
81
17
10
60
94
60
96
23
94
96
4
16
99
58
59
10
96
96
96
81
87
83
83
60
17
16
17
9
16
94
61
97
94
96
83
4
30
17
4
96
81
96
83
96
84
9
99
94
96
95
96
99
96
95
83
87
81
94
81
9
81
83
99
87
99
96
96
99
16
17
9
17
23
17
99
81
30
94
87
99
81
81
99
99
81
94
81
96
95
17
10
96
3
23
27
9
87
95
9
87
9
9
81
99
99
81
58
58
83
99
107
95
95
99
10
83
96
17
2
27
95
96
107
99
87
61
27
99
99
99
99
95
17
9
17
82
95
99
87
95
87
87
87
95
95
17
17
17
86
86
9
87
95
9
17
17
96
95
87
10
59
99
95
87
86
10
17
17
22
3
107
99
10
27
99
99
96
107
17
27
107
17
3
3
27
104
27
87
17
99
95
95
27
27
95
95
27
9
9
30
87
104
95
87
87
99
107
107
61
15
96
99
104
9
107
107
9
99
87
86
27
17
107
96
99
86
104
3
107
104
17
95
107
23
9
16
27
87
104
87
86
27
15
86
10
104
107
86
16
104
104
99
87
99
100
87
27
27
95
87
10
87
99
87
104
107
27
9
87
16
15
104
87
87
15
17
104
104
95
99
96
104
107
87
86
107
95
104
86
104
87
107
104
87
86
61
100
104
95
95
104
27
15
16
87
107
104
104
15
15
107
96
30
104
15
87
61
100
107
86
100
99
17
104
87
87
107
104
16
30
15
104
86
61
104
104
61
86
23
86
86
61
86
61
61
107
104
61
100
99
86
104
99
100
107
107
30
30
61
61
61
15
23
27
11
61
99
107
15
107
86
107
61
23
86
100
86
86
100
107
107
61
27
61
141
86
102
107
104
102
107
23
61
104
104
99
99
99
15
104
104
86
23
61
107
27
104
62
104
61
104
104
141
86
86
61
15
104
86
86
100
86
88
107
62
86
86
27
107
17
104
17
17
100
104
141
86
141
99
141
107
88
107
104
104
106
141
61
23
88
62
27
104
62
86
99
141
17
61
99
23
23
107
107
104
101
101
101
101
101
107
107
88
141
89
101
105
107
107
107
23
14
107
100
100
107
107
107
107
23
100
101
101
107
100
100
30
101
141
106
101
141
141
99
103
106
102
141
101
101
141
141
141
101
101
102
106
141
61
88
106
88
101
88
17
10
101
99
101
61
106
107
88
101
99
86
11
29
17
106
106
106
141
89
86
106
106
89
32
15
14
105
141
141
102
105
141
86
106
105
62
14
106
106
101
105
107
106
88
106
89
11
29
23
14
11
89
102
99
102
138
138
23
99
88
86
141
88
89
11
11
89
61
23
62
11
99
102
62
62
62
61
106
106
106
101
62
100
102
11
89
141
11
89
86
89
141
138
141
106
88
11
89
88
89
61
106
141
89
141
61
88
100
101
100
138
100
61
89
89
89
106
11
89
138
106
106
105
14
14
141
105
138
61
100
61
61
105
88
106
106
141
88
88
89
138
106
29
139
88
61
105
106
88
88
88
88
101
106
106
100
138
138
27
14
138
138
138
29
23
139
23
106
106
102
138
101
106
107
105
106
23
11
29
61
59
89
106
105
106
89
14
106
138
23
86
138
105
100
141
89
105
88
106
139
23
138
88
88
89
105
102
100
105
102
102
102
105
106
105
11
105
105
88
105
15
31
105
105
105
105
138
138
105
105
88
105
105
102
106
102
106
106
138
140
102
105
15
102
102
15
14
106
105
106
138
103
103
104
105
14
29
105
15
106
105
103
105
105
31
105
29
103
15
14
102
138
139
138
31
15
11
31
15
103
138
14
29
102
61
138
31
31
138
106
59
102
138
61
102
3
102
103
61
3
140
140
31
31
106
105
3
59
15
15
14
103
102
106
105
103
139
15
139
105
23
27
3
3
103
141
15
29
61
138
103
140
88
141
106
105
88
23
105
3
140
89
105
105
106
105
23
105
105
138
11
31
31
31
29
31
31
23
27
128
11
105
139
29
3
31
3
105
105
105
88
29
31
140
103
88
140
31
31
139
27
11
140
140
32
103
103
29
141
30
105
105
3
103
107
88
27
140
107
139
11
31
88
105
88
105
11
3
105
139
140
30
30
105
141
31
31
22
32
27
139
23
31
3
30
31
27
88
11
141
105
27
105
104
103
103
103
27
105
88
27
128
105
88
105
105
140
105
105
105
105
140
139
105
89
27
140
141
105
103
105
105
128
139
140
88
105
105
105
107
105
105
103
105
103
30
32
105
105
23
11
30
140
30
32
139
27
105
103
103
89
29
88
27
27
88
88
23
27
30
30
27
29
105
11
11
27
89
88
105
23
88
127
88
104
127
103
140
105
105
126
140
27
32
32
105
140
140
88
28
107
103
140
104
126
105
11
29
142
142
107
126
88
142
142
142
127
10
136
103
105
23
29
142
104
140
105
142
104
141
140
142
89
142
103
140
126
127
23
23
127
27
126
104
126
103
126
29
32
107
126
32
140
140
141
126
126
89
28
104
104
126
104
32
32
89
59
59
126
126
59
140
141
127
23
32
127
127
59
104
127
126
127
127
126
140
143
126
28
10
23
140
126
126
104
139
127
127
141
140
126
127
127
127
23
33
3
143
138
4
141
29
143
23
141
140
127
29
23
3
4
126
140
126
29
127
139
139
139
140
140
139
127
126
33
32
138
138
143
126
138
127
32
28
33
127
127
126
140
127
141
141
141
28
29
141
140
126
126
140
140
140
126
127
143
126
127
4
126
127
126
139
140
141
141
10
29
139
126
28
29
126
127
141
141
128
33
143
141
32
126
126
127
126
127
127
32
32
32
32
127
127
127
126
126
127
29
29
29
28
28
10
28
28
127
28
126
33
29
141
139
141
139
141
141
127
126
139
139
143
141
126
33
28
141
29
33
33
127
143
141
139
141
33
126
4
126
139
33
28
28
29
59
141
126
126
139
32
126
128
4
141
127
143
33
126
139
139
139
139
28
127
29
141
139
143
126
126
127
128
32
127
127
23
126
33
126
126
143
139
143
29
29
33
32
29
126
141
126
21
3
33
139
59
127
32
143
143
29
127
127
127
139
141
126
143
127
33
33
33
139
126
33
4
139
139
3
33
22
127
143
30
126
143
143
139
33
126
139
141
126
33
127
126
141
33
127
33
28
143
33
33
33
126
33
33
139
136
143
136
126
141
136
33
33
33
143
59
141
126
126
127
127
33
28
143
143
139
143
126
28
141
33
128
127
127
127
128
28
143
127
128
143
126
142
136
139
128
127
126
127
128
23
128
142
143
143
128
127
126
127
23
126
127
139
142
127
127
33
127
141
126
143
33
24
59
141
136
127
126
127
141
143
24
128
128
10
136
139
126
142
143
59
23
127
126
33
24
127
143
128
127
143
126
141
136
141
141
143
126
136
136
143
143
21
33
142
126
126
143
130
130
130
130
127
127
130
127
33
142
24
128
142
136
142
143
142
111
111
136
135
143
128
127
128
130
142
136
142
59
143
141
142
136
142
128
59
136
142
142
130
142
128
127
22
33
35
130
136
142
136
142
127
141
136
143
33
128
142
130
127
130
143
130
130
130
130
130
130
127
143
130
130
130
130
143
142
35
143
128
136
35
35
30
24
136
143
127
130
128
141
143
130
129
143
128
128
143
127
141
136
30
30
130
136
130
143
143
136
141
143
24
24
35
35
128
129
11
11
136
143
33
128
129
35
127
130
136
136
141
128
143
143
128
130
143
136
130
129
22
30
128
128
130
141
141
130
129
35
35
141
128
35
11
129
128
136
136
59
22
22
129
143
130
135
33
141
143
129
129
128
35
135
135
23
136
129
35
136
136
35
21
129
130
129
143
130
136
132
136
129
134
129
130
130
129
143
143
136
130
130
134
130
128
135
134
136
22
134
129
24
136
134
24
24
129
134
128
24
21
130
128
24
24
129
136
130
135
132
132
33
59
129
130
129
134
132
134
136
129
136
135
136
33
128
132
132
21
136
130
24
23
24
11
134
135
130
129
130
129
134
129
24
132
24
24
21
129
135
136
135
136
129
135
23
134
129
21
21
129
33
132
130
137
134
129
129
129
23
135
137
135
129
137
137
134
137
21
35
21
22
24
134
132
129
134
134
135
129
135
137
129
21
22
129
129
132
33
129
134
137
23
135
137
129
137
135
129
129
135
135
129
21
129
137
135
21
24
128
137
135
135
24
135
135
135
21
23
24
137
135
129
136
132
137
134
134
137
129
21
137
24
129
11
23
134
132
137
134
134
21
21
22
129
129
129
129
129
129
134
24
21
24
134
21
129
135
135
129
134
24
21
135
129
133
11
111
135
135
134
129
24
134
129
21
133
129
137
21
134
132
132
135
10
132
132
132
129
129
21
132
21
133
11
134
134
133
133
133
24
133
22
133
24
21
134
132
129
133
18
22
132
24
22
135
134
22
18
137
135
135
129
135
134
11
132
135
134
22
22
133
134
134
11
21
129
137
134
137
133
128
134
128
133
132
21
10
137
128
133
129
135
135
128
21
10
135
137
132
129
134
134
129
24
133
21
10
129
129
21
21
134
132
137
132
132
133
135
133
10
132
135
132
21
137
21
21
133
134
132
133
137
133
137
135
137
10
132
24
133
132
24
21
24
22
22
21
21
132
133
21
10
137
133
133
132
137
132
137
137
137
133
133
133
21
18
10
137
132
132
21
133
133
133
133
10
10
20
18
21
21
22
25
21
18
135
137
135
137
137
132
22
132
132
132
135
25
25
134
134
134
137
137
22
22
25
25
25
137
25
25
25
137
134
21
25
20
22
25
133
134
20
133
133
133
137
133
133
134
133
111
135
25
135
22
22
133
20
20
132
133
135
133
25
133
137
25
10
20
133
132
18
132
132
133
133
22
20
22
132
132
25
20
20
20
22
135
22
20
18
23
26
20
133
22
25
25
137
135
25
133
133
133
131
25
115
131
115
18
22
115
137
25
10
22
22
20
22
18
22
135
135
115
131
18
131
133
115
115
137
131
137
115
25
20
23
10
20
137
131
115
131
137
25
131
115
131
18
115
18
115
115
137
115
18
18
131
115
115
19
131
115
22
10
18
22
115
115
111
115
135
111
135
22
115
22
22
22
22
115
115
131
115
137
115
131
115
131
115
115
22
10
131
115
131
131
115
131
115
19
22
115
115
22
115
131
18
22
131
131
131
115
131
20
131
23
131
131
23
115
111
115
115
115
115
131
131
131
131
131
116
131
115
115
115
115
131
18
34
19
19
131
131
131
131
20
113
131
20
20
22
20
131
115
131
113
113
23
18
18
131
24
24
111
113
113
24
113
116
131
24
24
115
113
115
115
24
34
18
113
23
115
24
131
131
113
131
24
113
113
24
24
113
18
113
131
24
116
115
113
113
115
131
131
115
113
24
19
113
115
116
116
115
115
18
113
18
115
131
19
113
115
115
113
131
23
26
115
113
113
131
113
18
115
113
23
113
26
115
115
131
113
113
113
135
113
135
113
115
115
131
113
131
115
113
71
131
131
113
131
113
115
116
113
113
71
115
131
26
18
131
111
111
131
71
115
135
113
115
113
19
71
18
131
115
135
113
131
114
71
114
71
115
115
71
114
114
116
114
108
114
114
113
115
114
111
115
26
114
111
113
26
71
113
114
113
18
18
114
115
113
26
26
71
114
113
114
26
26
18
116
116
114
113
116
19
114
116
108
116
71
116
116
116
116
114
114
114
116
116
114
71
108
116
114
114
114
108
71
114
114
114
116
114
18
113
114
116
114
111
114
71
71
114
114
18
26
71
114
116
114
116
116
114
116
111
116
34
18
116
114
116
110
114
114
108
114
114
18
18
18
114
114
115
110
114
114
114
114
71
108
18
111
114
111
108
114
114
114
108
71
114
71
71
26
26
35
26
114
71
71
25
18
26
26
26
71
110
26
26
26
18
71
70
18
71
70
18
114
114
26
114
70
26
71
25
26
25
71
71
71
26
26
26
71
111
114
26
26
25
114
71
35
114
114
35
114
71
114
25
26
114
109
114
114
109
111
108
114
114
114
111
25
111
25
114
111
34
19
35
35
34
25
35
34
34
35
35
109
34
25
35
34
34
111
111
114
35
34
109
114
108
34
111
35
25
34
114
19
34
111
122
25
119
25
19
34
114
35
34
122
19
19
108
34
108
25
108
108
35
119
109
18
34
19
108
109
108
25
109
108
25
111
108
109
111
111
108
108
109
19
108
108
111
111
111
108
122
19
109
108
25
109
19
108
25
25
108
19
19
25
119
19
25
108
19
108
25
19
19
19
25
25
119
109
119
110
110
111
119
109
119
25
20
19
20
108
119
119
119
119
119
119
19
109
109
25
109
19
109
109
110
19
19
109
109
110
119
119
19
19
20
25
109
111
26
19
119
19
19
19
110
108
111
111
26
19
26
119
119
110
119
119
19
119
19
19
26
19
119
19
19
19
111
109
109
119
26
119
109
119
109
109
19
119
119
119
119
119
109
109
119
110
109
109
109
117
108
119
117
119
108
108
119
19
19
19
109
119
117
110
110
110
117
109
109
110
108
110
117
119
109
109
119
108
109
110
108
118
109
109
19
109
109
109
19
109
119
108
110
109
119
110
110
118
110
118
111
110
109
108
120
108
108
118
118
118
118
110
118
118
108
110
118
110
110
110
117
117
118
124
118
118
118
118
118
108
117
110
117
118
118
110
117
118
118
108
108
110
110
118
111
112
110
111
124
112
110
111
124
110
111
124
124
117
124
118
117
118
118
117
117
121
118
112
120
121
124
121
125
112
112
124
125
125
125
125
117
124
125
124
124
116
116
117
117
116
110
116
112
124
116
116
110
116
117
112
117
116
117
121
121
117
121
121
116
124
124
116
117
112
117
118
121
121
124
118
118
19
112
124
120
121
121
121
118
120
120
120
120
121
121
121
121
121
120
117
124
112
117
112
112
121
124
124
124
124
124
124
112
124
112
112
112
112
124
112
112
112
112
124
112
112
120
112
124
112
120
120
120
19
120
112
120
125
112
112
112
112
112
120
121
121
125
120
125
120
121
121
121
120
125
125
123
125
112
125
123
125
123
125
123
123
125
19
123
123
19
18
20
112
120
19
125
125
120
112
20
20
125
112
18
20
125
123
123
125
125
123
20
18
18
123
18
18
19
20
122
20
20
123
20
20
122
123
123
122
112
123
123
123
112
123
112
123
123
123
123
123
122
123
123
123
122
122
122
122
122
122
122
122
112
122
122
122
122
122
122
122
122
122
122
122
122
122
122
122
