54
60
54
60
60
60
60
71
54
60
60
42
71
71
54
60
71
71
71
71
71
71
71
71
71
71
71
42
42
70
71
41
41
62
71
62
62
71
41
42
42
42
41
42
42
40
62
71
41
42
41
54
54
62
62
62
62
62
62
42
62
54
54
42
62
54
42
62
42
62
42
62
44
62
62
44
42
42
42
54
58
42
58
54
42
42
44
40
62
40
42
42
40
43
42
40
58
43
58
58
40
43
42
44
44
44
43
43
40
42
41
41
43
43
43
41
43
38
58
41
41
41
43
43
43
43
43
43
43
40
40
41
38
43
41
40
42
40
58
42
38
58
40
44
42
40
40
44
41
38
44
44
44
44
44
43
44
44
38
41
44
44
38
58
44
54
54
54
41
41
38
36
44
44
41
44
44
38
44
44
44
41
38
41
38
44
41
54
54
44
54
54
44
41
44
54
44
44
44
39
54
54
44
44
44
54
44
37
41
44
39
44
37
44
44
54
44
44
55
54
44
37
37
54
44
44
44
37
44
39
44
37
39
54
54
54
39
54
54
39
54
54
39
39
39
39
54
36
39
39
39
39
39
39
65
54
54
39
39
39
39
54
54
64
65
54
39
65
54
65
65
54
65
65
64
65
65
65
65
65
65
54
65
54
54
54
65
65
54
54
65
65
65
65
64
38
37
65
65
54
65
65
64
64
54
63
64
54
36
36
64
64
63
63
63
63
64
64
54
63
63
54
61
54
63
64
64
63
64
63
64
66
36
63
39
39
38
36
67
67
63
66
39
39
63
67
39
66
66
67
66
67
66
63
66
36
36
36
66
67
67
66
67
67
66
70
70
67
67
39
66
67
66
66
70
70
70
66
70
61
66
70
70
66
70
70
70
66
61
70
70
54
70
67
36
39
36
38
67
36
66
70
67
70
61
61
67
70
39
55
61
61
61
67
61
61
39
39
39
61
39
61
61
39
61
39
38
56
56
61
61
61
38
62
39
61
55
61
55
55
61
56
39
61
38
38
38
62
56
61
61
62
38
56
36
62
61
55
40
40
56
40
56
38
36
56
40
40
55
55
55
56
56
36
56
36
56
38
56
56
38
62
38
62
56
38
62
62
62
62
36
36
38
36
62
36
62
38
38
62
62
55
55
55
56
55
56
36
38
62
62
56
56
36
36
38
38
62
56
38
56
38
45
38
36
36
36
56
62
46
38
55
56
36
45
36
40
46
46
38
46
56
46
55
55
55
56
38
38
37
45
46
55
45
45
36
45
45
45
55
49
37
55
59
55
55
56
59
45
49
45
46
45
46
59
56
37
37
49
45
49
45
37
59
45
45
45
37
37
45
45
59
59
37
51
51
59
47
56
56
56
59
59
51
45
51
49
45
47
59
59
51
59
59
59
59
45
47
51
51
49
47
51
59
59
59
59
45
59
59
59
59
59
47
59
56
51
59
51
45
51
47
47
51
51
59
45
45
59
49
51
51
51
49
51
51
51
49
49
55
55
59
59
59
47
49
45
59
45
45
47
59
45
47
49
59
59
59
45
59
45
47
49
49
59
59
45
49
45
59
60
59
47
45
49
45
47
45
59
45
47
55
55
55
47
55
45
47
55
55
55
55
47
45
45
45
49
55
55
60
47
37
60
55
45
60
55
55
45
46
55
55
45
45
60
45
49
60
45
55
55
47
60
45
45
47
45
55
55
37
37
49
60
45
45
55
60
55
45
46
45
46
48
48
48
46
45
60
60
55
55
45
48
46
57
57
55
45
45
45
55
45
46
46
50
49
60
55
37
55
48
49
48
46
55
48
58
55
60
48
60
60
50
46
48
49
48
55
55
58
60
55
37
37
37
58
58
55
45
49
60
45
37
60
46
49
58
49
60
58
58
60
45
60
60
37
60
46
58
46
60
60
58
60
58
49
37
49
58
48
45
46
48
58
21
46
60
60
58
60
58
58
58
60
58
60
46
58
58
58
58
58
48
60
58
58
60
68
60
70
58
60
45
60
69
58
58
60
58
69
48
70
58
58
48
58
70
68
45
57
57
70
70
68
68
68
60
68
69
58
58
58
69
46
45
69
68
21
37
48
46
58
69
58
58
58
58
58
58
50
48
68
58
58
69
57
69
69
58
69
21
60
48
69
58
69
68
69
60
69
48
46
58
68
68
69
50
69
58
68
68
68
58
58
69
68
69
69
68
69
47
68
68
69
69
68
69
69
68
48
69
47
48
50
47
68
69
68
68
60
58
69
68
60
60
47
47
58
50
50
57
57
58
58
69
60
58
69
24
58
58
58
58
20
69
60
48
47
60
47
47
47
68
69
50
48
58
60
60
68
48
58
68
58
24
50
60
69
24
58
69
69
37
18
24
24
58
58
58
58
58
47
24
48
50
55
58
55
24
57
20
24
57
58
24
58
20
58
46
47
18
18
50
21
47
47
18
48
24
58
24
58
50
50
48
50
18
47
57
57
24
58
24
24
50
18
21
24
47
21
24
24
20
24
24
24
58
21
6
24
24
47
24
47
24
33
18
57
58
48
18
20
58
140
126
57
18
24
50
50
50
50
57
18
46
50
50
50
57
57
20
24
24
57
57
24
18
58
24
24
57
33
50
48
57
18
57
46
50
57
50
48
21
20
18
57
33
24
21
18
21
57
57
57
55
55
140
140
21
58
57
18
57
24
33
24
18
57
58
57
140
57
24
6
57
32
57
32
53
53
37
37
57
140
18
24
6
50
33
32
33
6
24
33
50
46
57
57
57
24
57
57
135
50
140
135
50
50
18
33
18
57
57
24
32
32
24
21
24
140
140
24
32
24
57
24
32
57
32
32
18
50
24
6
6
136
136
50
50
57
135
32
20
135
32
136
57
24
136
24
135
32
136
32
136
135
135
57
135
24
18
135
32
32
32
53
53
50
18
135
24
135
32
135
24
24
53
135
136
32
53
140
141
135
32
135
135
135
18
136
32
135
139
18
140
140
46
50
50
20
136
136
6
23
139
46
50
48
135
32
135
135
18
53
53
139
139
50
135
135
136
32
23
139
140
141
136
20
139
50
135
23
138
20
53
140
141
139
136
136
139
136
140
140
139
135
20
50
139
136
141
139
135
139
139
138
141
20
21
6
139
138
139
53
23
139
18
138
139
22
140
141
135
111
50
141
48
50
141
135
23
141
136
141
135
135
141
136
141
6
141
20
46
135
135
20
138
141
136
135
141
135
136
138
111
18
23
141
138
20
18
138
18
135
135
141
21
22
136
111
111
136
53
111
135
141
135
20
108
135
135
141
22
141
135
141
50
23
20
18
53
135
52
111
138
23
141
141
141
136
138
138
53
53
138
137
135
135
53
111
135
137
18
138
18
23
138
137
141
141
135
20
18
138
20
135
141
135
53
53
52
52
52
52
111
23
23
52
135
137
23
109
109
52
52
135
137
52
141
23
108
53
52
137
18
136
109
135
135
52
137
137
141
141
109
109
53
109
136
136
111
143
108
109
141
141
136
143
135
143
109
109
18
143
137
18
53
53
143
137
137
141
22
141
140
109
137
109
53
53
53
143
141
109
109
22
108
143
137
109
50
52
53
112
137
137
141
20
18
21
18
50
143
141
112
111
18
141
110
137
110
37
141
18
20
108
111
110
108
143
21
114
108
143
137
110
141
111
22
111
114
114
114
137
110
141
143
114
143
110
108
114
114
110
114
52
37
108
110
143
108
108
18
18
108
110
52
22
114
108
142
18
114
108
140
140
141
110
111
137
114
18
110
114
110
108
108
111
122
112
141
142
125
112
143
143
137
18
21
108
28
112
112
18
113
22
112
114
143
111
37
115
114
143
52
112
52
18
112
112
18
112
52
143
112
18
125
112
125
18
112
143
115
112
110
141
115
142
137
115
112
115
115
112
113
112
113
112
110
37
125
18
115
112
115
115
113
52
115
143
140
113
113
113
143
113
113
121
116
116
108
143
116
116
141
141
115
122
113
113
116
143
143
116
137
116
122
115
143
122
108
143
116
115
125
113
113
142
116
116
122
122
22
113
116
113
116
18
115
122
125
143
122
116
18
115
121
116
137
116
116
18
122
116
125
122
115
122
18
137
122
121
121
23
143
142
123
28
22
123
115
141
123
122
123
52
52
122
140
143
123
137
142
140
118
18
141
143
121
125
142
143
142
142
121
121
143
142
141
141
121
142
125
18
122
143
123
52
121
118
18
18
121
22
123
120
121
123
123
143
141
18
125
22
23
52
117
137
143
143
137
125
143
142
120
141
141
52
52
142
142
143
140
141
125
123
142
134
143
124
124
142
134
52
22
132
121
22
18
142
142
142
141
143
134
121
123
18
121
118
18
120
123
52
118
120
124
123
18
124
121
52
18
19
125
123
132
140
124
134
142
117
117
120
124
125
132
142
52
52
132
124
120
118
125
124
141
125
121
117
118
134
140
118
134
23
18
142
19
18
120
141
117
134
142
120
121
125
120
120
141
132
22
117
117
134
120
117
120
125
18
22
117
134
117
23
140
119
118
117
18
117
142
142
132
28
22
22
142
52
117
25
52
52
140
140
140
134
140
140
142
125
134
22
0
19
118
140
132
134
19
22
140
19
134
0
0
117
132
142
119
28
21
117
134
117
142
19
134
142
52
52
140
19
117
22
142
142
140
19
134
118
118
119
52
52
28
19
52
134
19
140
134
140
117
52
52
28
52
134
119
140
118
142
132
19
140
134
142
134
142
140
142
134
118
134
119
124
119
23
119
119
142
134
140
142
142
140
52
28
6
52
19
22
140
119
52
134
124
140
119
119
140
140
119
124
119
129
134
52
22
129
0
19
22
19
118
134
23
134
19
19
119
126
126
119
19
19
124
140
142
134
134
142
22
119
129
52
0
22
134
129
140
140
124
19
22
126
140
142
140
134
22
19
28
120
132
142
118
134
118
120
124
132
134
28
28
28
119
119
19
124
134
19
28
28
134
134
134
22
25
126
134
118
119
21
28
28
0
0
129
140
22
30
129
129
129
129
28
22
129
27
0
0
22
132
22
132
28
129
134
134
22
30
132
134
21
19
25
0
119
124
134
132
124
126
129
134
25
27
126
129
132
19
129
134
19
129
124
132
22
28
129
129
129
132
132
0
129
134
28
134
129
6
19
30
21
124
132
86
132
28
28
119
22
134
134
132
30
132
124
126
86
126
127
124
28
28
134
86
21
124
126
132
131
129
30
25
86
30
28
131
86
132
28
28
124
134
134
126
129
134
129
86
119
129
134
131
132
131
86
133
131
86
132
19
127
131
134
134
133
30
28
28
131
129
131
133
28
28
129
129
0
134
28
86
19
129
129
132
127
126
28
131
87
86
129
131
28
0
27
131
132
26
131
131
25
86
25
132
132
119
132
25
25
129
133
25
127
126
132
133
126
129
129
129
0
0
26
25
19
27
6
28
6
19
126
129
0
129
87
133
26
6
131
127
132
132
129
133
129
19
28
19
133
132
126
133
131
127
133
25
26
131
131
126
126
126
27
133
133
131
25
25
133
28
131
19
131
26
131
133
131
131
87
26
27
131
119
87
129
132
19
133
25
87
19
30
129
27
131
28
27
127
131
133
131
133
126
133
133
19
133
131
133
130
133
25
28
19
25
30
131
25
131
126
131
28
25
126
25
28
133
129
131
127
127
127
127
129
129
129
19
133
25
127
131
133
133
129
28
28
133
130
127
133
133
133
133
6
127
127
130
133
130
127
27
127
131
133
130
131
131
126
126
133
126
131
130
127
131
133
133
129
127
127
133
133
25
19
130
25
130
119
27
21
127
126
127
25
133
133
19
130
126
119
26
21
27
133
130
133
133
25
87
133
130
25
4
27
28
131
133
131
126
131
131
87
133
87
26
29
130
133
130
131
133
133
19
133
26
6
21
28
28
25
26
127
126
127
126
126
25
126
19
87
133
19
25
26
26
24
25
28
26
6
126
126
26
26
26
26
133
130
130
130
26
128
128
6
24
133
26
25
87
25
133
126
131
130
19
26
24
87
26
26
133
133
25
133
26
19
128
128
128
126
128
25
86
86
25
130
20
86
126
130
133
74
29
29
133
74
126
25
128
25
25
74
87
133
130
131
26
88
86
126
133
21
133
88
25
87
130
19
88
88
88
128
133
130
128
126
126
21
29
75
75
126
21
30
133
30
133
133
128
126
130
133
133
74
133
20
6
21
25
21
86
133
74
133
20
29
73
75
30
87
126
74
73
133
86
87
88
130
72
30
75
26
26
86
87
128
128
74
128
128
128
131
72
87
20
87
131
87
87
27
27
87
87
131
131
75
75
131
87
87
131
87
128
130
128
130
130
75
73
128
131
27
128
128
29
29
72
131
133
75
128
128
72
131
29
33
131
27
72
131
128
131
87
27
87
21
75
29
29
75
76
72
75
29
29
20
33
34
75
75
33
21
75
20
75
29
27
75
72
21
75
76
20
75
0
75
75
20
0
73
73
33
34
72
131
33
21
33
33
29
75
75
72
131
73
72
34
72
131
30
29
34
34
75
72
34
33
20
76
75
72
86
72
72
131
87
30
131
34
73
20
131
87
72
131
30
72
87
76
20
33
34
34
29
33
33
30
35
21
20
87
72
35
34
33
34
131
131
74
86
34
33
73
76
86
73
35
34
72
35
20
73
73
4
76
76
34
72
34
87
74
34
76
72
87
35
73
72
72
20
35
86
72
86
74
20
0
74
72
72
34
3
87
72
30
31
0
4
31
72
30
30
34
3
35
30
86
20
72
87
35
74
72
76
76
76
30
74
86
30
20
87
87
87
87
73
87
74
74
87
73
72
74
20
30
73
72
87
76
87
87
22
76
73
86
74
87
87
72
87
74
76
74
76
3
3
87
74
30
20
3
72
4
3
72
30
87
76
76
20
21
87
30
30
86
87
86
3
4
3
30
30
87
20
22
3
86
86
74
86
86
86
86
74
86
76
73
87
87
87
73
3
4
4
87
73
73
86
22
72
76
72
74
87
74
22
3
74
72
72
86
86
72
74
74
22
30
77
76
86
20
3
74
74
73
87
74
74
72
73
74
20
74
76
73
87
86
20
30
82
30
86
74
86
76
86
22
35
72
74
35
73
76
72
86
74
82
22
74
72
87
74
4
4
20
20
22
87
86
20
73
72
20
30
4
81
20
21
74
82
87
86
22
82
73
74
82
22
30
81
72
74
87
72
76
86
82
72
73
82
86
82
86
20
0
0
74
73
4
72
22
74
20
72
76
82
35
30
4
4
74
73
74
35
20
77
76
77
73
73
76
82
82
4
35
73
73
74
82
73
82
35
22
4
82
22
74
76
22
72
73
73
31
21
72
72
82
82
72
73
73
82
82
72
87
82
4
74
82
74
76
73
72
73
21
31
77
74
31
4
82
22
72
72
20
4
72
72
4
74
82
82
82
22
86
35
4
4
4
82
82
82
82
82
20
31
21
5
22
22
31
31
31
82
31
74
4
35
72
77
72
73
72
77
81
82
77
77
72
72
74
35
31
77
21
22
4
82
72
77
77
72
4
74
0
74
77
0
31
31
4
21
72
82
74
77
35
89
20
1
80
82
80
30
89
77
77
77
77
22
22
5
72
77
72
82
89
22
20
35
81
82
22
82
35
82
89
72
77
80
35
35
1
35
31
89
80
89
1
0
3
77
21
82
35
80
72
35
86
81
82
77
80
82
80
86
30
3
30
77
82
35
1
77
77
0
30
0
82
80
0
89
80
80
77
35
82
77
80
74
1
86
89
80
31
82
35
30
80
35
3
35
82
30
35
77
77
89
77
89
80
77
30
30
35
80
22
80
82
82
82
82
30
21
89
80
77
80
82
21
80
35
20
86
81
81
81
5
80
82
20
80
74
79
77
77
81
81
82
81
20
22
81
80
80
80
20
82
82
81
21
89
82
77
79
81
82
1
82
80
82
89
35
30
21
80
77
82
82
81
80
80
3
20
81
5
79
77
89
79
80
21
5
82
82
5
21
81
80
20
82
80
82
80
77
80
80
89
82
79
77
80
79
1
5
79
82
88
89
89
82
82
82
82
82
82
82
1
79
21
20
79
79
79
89
79
96
94
77
78
89
22
81
22
88
79
77
79
21
80
80
79
77
79
81
21
77
79
79
88
79
20
82
8
5
1
88
77
79
79
79
82
80
79
80
1
22
79
88
81
88
89
82
88
88
88
88
88
82
89
88
82
88
82
89
79
1
89
22
79
1
1
0
21
79
89
82
88
20
80
80
82
82
89
81
21
89
81
80
77
0
0
82
80
88
89
80
77
80
89
1
1
1
1
85
81
21
21
80
89
5
81
81
1
82
88
79
80
80
81
89
89
85
82
89
80
82
82
0
0
81
85
82
80
89
82
81
5
1
80
81
1
21
82
85
80
89
21
1
1
82
89
82
80
5
89
89
82
81
85
5
78
77
5
89
82
5
80
89
1
1
81
82
82
89
82
89
85
89
83
81
81
82
82
83
89
89
80
89
82
81
83
85
80
81
89
0
81
82
2
89
81
5
1
81
81
85
2
2
82
85
2
2
83
80
83
80
85
85
5
21
83
83
83
85
84
81
80
83
89
80
89
5
85
85
85
2
80
83
2
5
2
84
85
78
83
83
83
83
81
83
1
85
1
1
2
83
78
78
80
78
83
78
5
81
83
2
6
83
2
84
83
78
85
83
83
83
5
78
83
78
83
83
83
85
83
2
2
6
0
2
85
84
85
85
85
78
85
78
83
83
2
1
83
83
84
2
83
85
83
2
78
83
83
78
78
83
83
78
78
83
2
85
78
78
2
2
84
78
78
78
2
78
78
78
2
5
5
83
78
83
78
85
83
85
85
78
83
6
83
5
85
84
5
85
84
83
84
85
2
6
1
83
78
85
83
83
83
85
2
2
2
85
2
85
78
78
83
84
5
6
78
83
83
84
96
78
78
84
83
5
85
78
2
83
90
83
2
84
84
84
78
6
84
84
84
85
78
2
84
2
83
84
84
85
83
83
83
5
83
6
83
5
2
84
84
78
83
5
6
84
5
6
78
85
6
5
83
78
78
85
78
84
84
84
78
84
1
6
84
85
91
84
5
85
78
84
83
84
84
85
84
91
84
2
21
78
107
83
78
78
78
107
2
9
90
78
90
90
85
85
90
5
83
6
9
85
90
2
2
85
107
78
84
84
84
90
92
6
84
78
107
5
78
6
6
92
91
84
92
83
92
78
92
78
9
84
5
91
107
5
2
5
1
1
6
6
107
92
6
9
83
92
92
107
78
84
92
92
83
92
92
84
6
6
107
92
107
84
6
92
90
90
90
9
91
5
5
6
6
1
10
6
5
92
107
92
92
92
84
8
91
84
91
107
91
11
90
92
92
90
107
8
8
107
84
84
92
91
9
11
90
90
6
11
6
1
9
90
107
6
92
90
90
107
92
90
107
90
90
107
91
107
1
1
90
6
6
91
90
107
90
9
90
92
11
9
6
90
91
6
84
90
90
90
1
6
8
11
84
9
1
1
5
8
92
8
1
5
9
104
6
90
8
9
11
92
92
11
90
90
90
11
9
92
9
90
9
8
90
92
11
9
8
8
8
8
5
8
92
92
92
90
8
11
90
90
90
92
90
92
92
11
8
9
9
8
92
91
90
11
92
91
91
90
91
6
91
8
91
90
92
92
8
8
91
91
91
8
91
91
8
9
8
6
91
90
92
91
92
96
92
8
91
8
8
6
8
91
91
91
93
92
91
91
92
91
91
91
6
9
16
16
16
16
92
16
16
8
8
92
91
8
16
16
9
9
16
9
91
91
16
5
16
9
16
16
16
92
92
92
93
93
91
16
16
16
16
16
93
16
91
91
91
93
16
9
14
14
8
16
16
16
16
5
11
11
5
5
9
9
16
93
16
11
16
11
9
8
16
15
15
92
16
15
15
12
92
16
15
15
91
16
92
92
15
15
8
16
11
91
15
11
16
17
11
12
12
12
15
12
12
8
12
11
11
93
92
12
12
93
11
11
93
12
11
8
12
91
93
92
91
93
8
91
9
12
11
14
12
91
91
17
11
12
12
96
12
91
11
91
8
91
91
11
12
11
96
96
11
91
91
91
96
91
96
91
96
91
11
12
11
91
12
12
11
11
91
11
12
91
97
12
11
12
91
12
11
9
12
96
96
12
12
97
96
97
91
12
15
12
9
12
96
96
11
12
12
12
12
11
97
96
11
12
12
97
97
17
12
97
97
96
12
96
96
11
97
96
97
12
12
12
12
11
15
15
17
96
12
12
104
12
97
12
97
13
104
15
96
96
97
12
96
15
17
97
17
97
12
96
97
96
97
97
97
97
97
97
97
12
17
96
17
97
17
17
17
97
17
17
97
97
15
12
17
97
17
96
17
17
17
17
97
15
17
12
17
96
97
96
96
17
97
96
97
14
15
97
17
97
97
17
97
17
97
17
15
15
7
97
17
98
97
17
97
17
97
17
17
15
96
97
98
17
17
17
97
17
17
97
17
17
17
17
15
17
17
16
16
17
9
17
17
17
16
97
17
17
9
7
16
9
9
16
16
9
97
97
16
13
16
13
16
17
10
17
16
10
17
9
9
13
16
98
97
9
9
17
97
16
15
97
97
15
17
13
97
17
16
97
13
13
13
13
96
98
97
98
98
98
13
98
17
13
95
14
104
15
15
15
13
15
7
15
15
15
13
14
17
7
15
7
98
98
98
7
14
95
98
98
14
98
14
13
14
13
14
14
98
7
13
13
13
104
14
13
14
14
7
104
10
98
14
13
13
98
98
7
13
98
7
14
104
98
95
13
97
95
98
13
94
98
95
96
96
98
13
95
104
98
98
96
96
96
13
14
7
95
98
13
95
104
98
95
13
98
13
7
95
95
14
13
98
8
95
13
8
7
14
13
13
95
95
95
98
98
96
95
95
95
95
13
8
13
95
95
95
95
95
95
95
7
95
95
13
95
8
95
95
98
8
7
95
95
95
95
95
10
7
104
13
95
98
100
104
95
8
104
8
98
13
96
98
7
8
100
100
13
96
13
100
8
95
8
8
100
10
100
8
8
7
93
98
96
95
100
100
95
95
98
93
8
100
100
95
95
105
93
95
105
98
98
93
93
105
105
105
105
13
105
13
105
8
7
8
101
105
105
96
98
98
95
95
98
96
100
96
105
100
95
95
105
101
95
95
95
100
101
101
100
101
101
101
7
101
13
95
96
101
100
101
99
8
96
100
94
96
101
101
7
101
101
10
10
100
100
99
13
100
101
96
100
99
99
94
93
93
100
96
101
101
100
13
101
101
93
96
93
13
13
99
102
13
99
99
99
99
102
99
94
105
96
93
94
94
94
93
93
94
93
94
96
10
94
99
102
10
99
99
102
93
100
103
7
93
93
103
103
105
94
93
103
103
103
103
99
103
103
94
94
103
103
106
10
103
103
103
94
93
103
103
103
103
99
99
99
103
99
103
99
106
99
103
103
103
94
103
10
106
10
10
99
102
102
8
10
8
94
102
99
102
102
102
10
10
10
7
7
102
102
102
102
102
7
99
102
106
106
94
94
102
102
94
102
102
102
102
102
102
106
99
102
106
94
106
94
94
94
94
102
106
99
106
94
94
99
10
10
104
107
94
106
106
99
106
105
106
94
107
106
100
106
107
100
106
100
100
107
107
101
107
107
101
94
101
100
101
101
100
100
101
107
8
107
101
104
8
10
106
10
8
107
101
104
94
7
104
106
94
10
10
106
105
106
106
105
104
104
7
7
94
8
7
104
17
7
104
104
105
104
7
104
105
105
104
94
105
106
106
94
105
94
106
106
105
106
94
94
106
106
106
104
94
105
105
104
104
104
104
105
105
104
104
105
104
104
104
105
105
105
104
105
104
104
104
